3.7583117485046387
0.7809057235717773
0.778457760810852
0.8531211614608765
0.8910648822784424
0.9069767594337463
0.9216646552085876
0.9069767594337463
0.8237454295158386
0.8971848487854004
0.8494492173194885
0.9008567929267883
0.8849449157714844
0.8873928785324097
0.8788249492645264
0.8935128450393677
0.8788249492645264
0.4883720874786377
0.806609570980072
0.8298653364181519
0.8714810013771057
0.8739290237426758
0.8996328115463257
0.8886169195175171
0.822521448135376
0.8335373401641846
0.8690330386161804
0.822521448135376
0.8873928785324097
0.8739290237426758
0.8837209343910217
0.8751530051231384
0.8531211614608765
0.8470011949539185
0.8029375672340393
0.7845777273178101
